refSequence	refPosition	Homo_sapiens	Nomascus_leucogenys
chr8	72163583	T	
chr8	72302350	T	T
chr8	72302351	G	G
chr8	72163584	G	
chr8	72163585	T	
chr8	72302352	T	T
chr8	72163586	G	
chr8	72302353	G	G
chr8	72163587	C	
chr8	72302354	C	C
chr8	72163588	A	
chr8	72302355	A	A
chr8	72163589	G	
chr8	72302356	G	G
chr8	72302357	G	G
chr8	72163590	G	
chr8	72163591	C	
chr8	72302358	C	C
chr8	72302359	A	A
chr8	72163592	G	
chr8	72163593	T	
chr8	72302360	T	T
chr8	72302361	C	C
chr8	72163594	C	
chr8	72163595	A	
chr8	72302362	A	A
chr8	72302363	G	G
chr8	72163596	G	
chr8	72163597	A	
chr8	72302364	A	A
chr8	72302365	A	A
chr8	72163598	A	
chr8	72163599	G	
chr8	72302366	G	G
chr8	72302367	C	C
chr8	72163600	C	
chr8	72302368	A	A
chr8	72163601	A	
chr8	72302369	T	T
chr8	72163602	T	
chr8	72163603	C	
chr8	72302370	C	T
chr8	72163604	A	
chr8	72302371	A	A
chr8	72302372	A	A
chr8	72163605	A	
chr8	72163606	C	
chr8	72302373	C	C
chr8	72163607	A	
chr8	72302374	A	A
chr8	72163608	G	
chr8	72302375	G	G
chr8	72163609	C	
chr8	72302376	C	C
chr8	72163610	A	
chr8	72302377	A	A
chr8	72302378	A	G
chr8	72163611	G	
chr8	72163612	C	
chr8	72302379	C	C
chr8	72163613	T	
chr8	72302380	T	T
chr8	72302381	T	T
chr8	72163614	T	
chr8	72163615	C	
chr8	72302382	C	C
chr8	72302383	A	A
chr8	72163616	A	
chr8	72163617	G	
chr8	72302384	G	G
chr8	72163618	T	
chr8	72302385	T	T
chr8	72302386	T	T
chr8	72163619	T	
chr8	72163620	T	
chr8	72302387	T	T
chr8	72163621	A	
chr8	72302388	A	A
chr8	72163622	A	
chr8	72302389	A	A
chr8	72163623	G	
chr8	72302390	G	G
chr8	72163624	A	
chr8	72302391	T	T
chr8	72302392	G	G
chr8	72163625	G	
chr8	72163626	C	
chr8	72302393	C	C
chr8	72163627	C	
chr8	72302394	C	A
chr8	72163628	T	
chr8	72302395	T	T
chr8	72163629	G	
chr8	72302396	G	G
chr8	72163630	G	
chr8	72302397	G	G
chr8	72163631	C	
chr8	72302398	C	C
chr8	72302399	A	A
chr8	72163632	A	
chr8	72302400	G	G
chr8	72163633	G	
chr8	72302401	G	G
chr8	72163634	G	
chr8	72163635	G	
chr8	72302402	G	G
chr8	72163636	G	
chr8	72302403	G	G
chr8	72163637	T	
chr8	72302404	T	T
chr8	72302405	G	G
chr8	72163638	G	
chr8	72163639	A	
chr8	72302406	A	A
chr8	72302407	T	T
chr8	72163640	T	
chr8	72302408	T	T
chr8	72163641	T	
chr8	72163642	T	
chr8	72302409	T	T
chr8	72163643	T	
chr8	72302410	T	T
chr8	72302411	C	
chr8	72163644	C	
chr8	72302412	C	C
chr8	72163645	C	
chr8	72163646	A	
chr8	72302413	A	A
chr8	72163647	G	
chr8	72302414	G	G
chr8	72302415	C	C
chr8	72163648	C	
chr8	72163649	A	
chr8	72302416	A	A
chr8	72163650	A	
chr8	72302417	G	G
chr8	72163651	A	
chr8	72302418	A	A
chr8	72163652	A	
chr8	72302419	A	A
chr8	72302420	A	A
chr8	72163653	A	
chr8	72302421	T	T
chr8	72163654	T	
chr8	72163655	A	
chr8	72302422	G	A
chr8	72163656	A	
chr8	72302423	A	A
chr8	72163657	A	
chr8	72302424	A	A
chr8	72163658	T	
chr8	72302425	T	T
chr8	72302426	C	C
chr8	72163659	c	
chr8	72302427	T	T
chr8	72163660	t	
chr8	72302428	G	G
chr8	72163661	g	
chr8	72302429	G	g
chr8	72302430	G	g
chr8	72302431	t	t
chr8	72302432	t	t
chr8	72302433	g	t
chr8	72163662	g	
chr8	72302434	g	g
chr8	72302435	a	a
chr8	72163663	a	
chr8	72163664	a	
chr8	72302436	a	a
chr8	72302437	g	a
chr8	72163665	g	
chr8	72302438	g	g
chr8	72163666	g	
chr8	72302439	g	g
chr8	72163667	g	
chr8	72302440	a	a
chr8	72163668	a	
chr8	72163669	a	
chr8	72302441	a	a
chr8	72302442	a	a
chr8	72163670	a	
chr8	72302443	a	a
chr8	72163671	a	
chr8	72163672	a	
chr8	72302444	a	a
chr8	72302445	t	t
chr8	72163673	t	
chr8	72163674	a	
chr8	72302446	a	a
chr8	72302447	t	t
chr8	72163675	t	
chr8	72302448	t	t
chr8	72163676	t	
chr8	72302449	t	t
chr8	72163677	t	
chr8	72163678	t	
chr8	72302450	t	t
chr8	72302451	c	c
chr8	72163679	c	
chr8	72302452	c	c
chr8	72163680	c	
chr8	72302453	a	a
chr8	72163681	a	
chr8	72163682	g	
chr8	72302454	g	g
chr8	72163683	g	
chr8	72302455	g	g
chr8	72163684	c	
chr8	72302456	c	c
chr8	72163685	a	
chr8	72302457	a	a
chr8	72163686	G	
chr8	72302458	G	G
chr8	72163687	T	
chr8	72302459	T	T
chr8	72163688	G	
chr8	72302460	G	G
chr8	72163689	G	
chr8	72302461	G	G
chr8	72163690	G	
chr8	72302462	G	G
chr8	72163691	T	
chr8	72302463	T	T
chr8	72163692	T	
chr8	72302464	T	T
chr8	72163693	G	
chr8	72302465	T	T
chr8	72302466	A	A
chr8	72163694	A	
chr8	72163695	T	
chr8	72302467	T	T
chr8	72302468	T	T
chr8	72163696	C	
